Enterobacter_hormaechei_H70375_OmpD_pgaptmp_000182 100.00 100.00 99.16 65.72 65.34 66.19 66.19 65.62 65.62 66.76 62.64 62.64 66.01 65.72 67.24
Enterobacter_hormaechei_F48994_OmpD_pgaptmp_002197 100.00 100.00 99.16 65.72 65.34 66.19 66.19 65.62 65.62 66.76 62.64 62.64 66.01 65.72 67.24
Enterobacter_hormaechei_H17629_OmpD_pgaptmp_002323 99.16 99.16 100.00 64.87 64.77 65.62 65.62 64.77 64.77 65.91 62.36 62.36 65.73 65.16 66.38
Klebsiella_pneumoniae_T64870_OmpC_pgaptmp_004397 65.72 65.72 64.87 100.00 82.64 83.24 83.24 79.89 79.89 81.54 62.91 62.91 69.61 70.25 70.31
Enterobacter_hormaechei_H70375_OmpC_pgaptmp_000865 65.34 65.34 64.77 82.64 100.00 97.25 97.25 85.36 85.36 88.12 63.54 63.54 70.56 70.91 70.14
Enterobacter_hormaechei_H17629_OmpC_pgaptmp_002990 66.19 66.19 65.62 83.24 97.25 100.00 100.00 85.67 85.67 87.88 63.36 63.36 70.91 70.99 70.51
Enterobacter_hormaechei_F48994_OmpC_pgaptmp_002882 66.19 66.19 65.62 83.24 97.25 100.00 100.00 85.67 85.67 87.88 63.36 63.36 70.91 70.99 70.51
Escherichia_coli_S2568_OmpC_pgaptmp_001574 65.62 65.62 64.77 79.89 85.36 85.67 85.67 100.00 100.00 90.38 64.46 63.91 67.59 68.78 69.10
Escherichia_coli_F5446_OmpC_pgaptmp_002047 65.62 65.62 64.77 79.89 85.36 85.67 85.67 100.00 100.00 90.38 64.46 63.91 67.59 68.78 69.10
Escherichia_coli_DH5a_OmpC 66.76 66.76 65.91 81.54 88.12 87.88 87.88 90.38 90.38 100.00 62.57 62.02 67.58 67.95 67.41
Enterobacter_hormaechei_H17629_OmpC_pgaptmp_002790 62.64 62.64 62.36 62.91 63.54 63.36 63.36 64.46 64.46 62.57 100.00 98.45 69.17 69.65 68.75
Enterobacter_hormaechei_F48994_OmpC_pgaptmp_002663 62.64 62.64 62.36 62.91 63.54 63.36 63.36 63.91 63.91 62.02 98.45 100.00 68.36 70.19 69.29
Klebsiella_pneumoniae_T64870_OmpC_pgaptmp_004649 66.01 66.01 65.73 69.61 70.56 70.91 70.91 67.59 67.59 67.58 69.17 68.36 100.00 73.44 73.91
Enterobacter_hormaechei_H70375_OmpC_pgaptmp_000237 65.72 65.72 65.16 70.25 70.91 70.99 70.99 68.78 68.78 67.95 69.65 70.19 73.44 100.00 91.55
Enterobacter_hormaechei_H17629_OmpC_pgaptmp_002380 67.24 67.24 66.38 70.31 70.14 70.51 70.51 69.10 69.10 67.41 68.75 69.29 73.91 91.55 100.00
